1947 38.8391 38.0300 36.9720 33.9349 32.3429 30.3670 29.4178 27.8851 26.5157 26.5899 27.8011 28.6778
1948 29.1920 29.5051 28.7355 28.6300 29.0025 29.2349 30.7196 29.4969 28.7899 29.2168 29.0223 28.7487
1949 28.3549 28.5081 28.3829 27.9791 28.0071 28.3269 29.1360 28.7899 28.9300 29.5826 29.5084 29.7358
1950 29.8511 29.7770 30.1890 29.7457 29.6963 29.3073 29.3024 28.7931 28.2312 28.5773 28.2872 28.2197
1951 27.8242 27.3348 27.1864 26.5850 26.5536 26.2043 26.2141 26.3064 26.3179 26.2454 26.0839 26.0988
1952 26.1795 25.8928 25.8170 25.6933 25.5962 25.4264 25.3654 25.3539 25.1726 25.1249 25.0935 25.1874
1953 25.2253 25.1775 25.1809 24.9370 24.7903 24.7194 25.0935 25.1660 25.0523 24.9568 24.8365 24.8941
1954 24.8595 24.7557 24.8298 24.6732 24.3618 24.1624 24.0768 24.0998 24.1344 24.1740 24.0651 24.0306
1955 24.0389 24.0932 24.0389 23.8410 23.6251 23.4687 23.5527 23.5148 23.5872 23.5922 23.4933 23.3368
1956 23.1753 22.8688 22.6018 22.4650 22.3464 22.4403 22.4897 22.4798 22.4189 22.5425 22.5177 22.3974
1957 22.1799 22.3117 22.4222 22.4370 22.3563 22.3117 22.1767 22.1569 22.0547 21.8767 21.7234 21.5998
1958 21.3823 21.4730 21.4416 21.1088 20.8912 20.7511 20.8022 20.8978 20.9653 21.1681 21.2455 21.3510
1959 21.2670 21.3279 21.3872 21.3493 21.2900 21.2950 21.3197 21.2884 21.1846 21.0445 20.9127 20.8484
1960 20.6819 20.7660 20.8418 20.8039 20.7166 20.6358 20.5797 20.6144 20.6309 20.6243 20.5303 20.4759
1961 20.3144 20.3029 20.2913 20.1694 20.0986 20.0656 20.0903 20.0524 19.9914 19.9618 19.8134 19.7211
1962 19.5449 19.5250 19.4113 19.1708 19.1708 19.0801 19.0076 19.0438 18.9532 18.8824 18.8115 18.6203
1963 18.3138 17.9858 17.9051 17.8095 17.8095 17.8095 17.8260 17.7947 17.6233 17.4535 17.4535 17.3481
1964 17.1850 17.1405 17.0679 16.9954 16.9246 16.7680 16.6708 16.6444 16.5752 16.4796 16.4121 16.3461
1965 16.2654 16.2390 16.2011 16.1615 16.1089 16.0710 16.0198 16.0067 15.9803 15.9688 15.9555 15.8930
1966 15.8419 15.8419 15.8303 15.7792 15.7430 15.7545 15.7430 15.7545 15.7545 15.7068 15.6573 15.6078
1967 15.5459 15.5601 15.5304 15.4994 15.4685 15.4388 15.4077 15.3780 15.3186 15.3329 15.3329 15.3329
1968 15.2734 15.2889 15.2734 15.2437 15.2295 15.2437 15.2591 15.2437 15.2140 15.1998 15.1855 15.1274
1969 15.0835 15.0835 15.0254 14.9544 14.9259 14.8691 14.7723 14.7296 14.6896 14.6211 14.5669 14.4997
1970 14.4196 14.3150 14.2763 14.2117 14.1600 14.1342 14.1096 14.0709 13.9586 13.8978 13.8242 13.7635
1971 13.6969 13.6575 13.5916 13.5524 13.4749 13.4356 13.3848 13.3593 13.2714 13.2090 13.1720 13.1477
1972 13.0737 13.0021 12.9650 12.9304 12.8471 12.7778 12.7200 12.6507 12.5270 12.3628 12.2761 12.2437
1973 12.0969 11.9836 11.8819 11.7431 11.5790 11.5038 11.4471 11.3917 11.3373 11.2102 11.0876 10.9073
1974 10.7651 10.5870 10.2853 10.1593 10.0149  9.8264  9.5917  9.3998  9.1015  8.9177  8.7836  8.7073
1975  8.6068  8.5085  8.4981  8.3813  8.3270  8.2438  8.1964  8.1536  8.0785  7.9779  7.9109  7.8357
1976  7.7582  7.6322  7.4738  7.2577  7.1363  7.1039  7.0611  7.0022  6.8785  6.6542  6.5155  6.4357
1977  6.3477  6.2067  6.1138  6.0508  5.9728  5.9171  5.8725  5.8329  5.7704  5.7090  5.6265  5.5990
1978  5.5457  5.4890  5.4339  5.3749  5.3175  5.2734  5.2338  5.2110  5.1415  5.0853  5.0412  5.0051
1979  4.9099  4.8389  4.7792  4.7018  4.6422  4.5964  4.5546  4.5104  4.4026  4.3023  4.2472  4.1785
1980  4.0454  3.9761  3.9406  3.8792  3.8449  3.8093  3.7456  3.7078  3.6310  3.5697  3.4963  3.4516
1981  3.3885  3.3278  3.2810  3.2356  3.1912  3.1588  3.1324  3.1112  3.0677  3.0087  2.9584  2.9281
1982  2.8898  2.8521  2.8261  2.8007  2.7694  2.7430  2.7032  2.6552  2.6178  2.5676  2.5342  2.5173
1983  2.4821  2.4493  2.4273  2.4022  2.3792  2.3657  2.3434  2.3345  2.3042  2.2665  2.2432  2.2325
1984  2.2062  2.1829  2.1676  2.1526  2.1403  2.1281  2.1208  2.1149  2.0992  2.0785  2.0656  2.0521
1985  2.0307  2.0102  1.9961  1.9792  1.9676  1.9571  1.9510  1.9470  1.9390  1.9161  1.9024  1.8898
1986  1.8810  1.8684  1.8613  1.8560  1.8490  1.8420  1.8420  1.8385  1.8333  1.8230  1.8163  1.8113
1987  1.7996  1.7930  1.7865  1.7816  1.7752  1.7688  1.7640  1.7591  1.7467  1.7312  1.7266  1.7235
1988  1.7145  1.7100  1.7027  1.6967  1.6922  1.6864  1.6821  1.6749  1.6663  1.6536  1.6398  1.6342
1989  1.6222  1.6087  1.6008  1.5904  1.5839  1.5764  1.5726  1.5700  1.5624  1.5476  1.5415  1.5343
1990  1.5249  1.5147  1.5089  1.5030  1.4988  1.4930  1.4873  1.4776  1.4693  1.4570  1.4478  1.4425
1991  1.4320  1.4190  1.4151  1.4089  1.4039  1.3965  1.3940  1.3902  1.3842  1.3733  1.3637  1.3602
1992  1.3497  1.3461  1.3405  1.3348  1.3279  1.3235  1.3213  1.3202  1.3158  1.3082  1.3006  1.2985
1993  1.2938  1.2888  1.2863  1.2813  1.2763  1.2702  1.2653  1.2641  1.2630  1.2546  1.2487  1.2487
1994  1.2416  1.2370  1.2347  1.2312  1.2267  1.2244  1.2210  1.2187  1.2154  1.2087  1.2044  1.2000
1995  1.1956  1.1860  1.1766  1.1702  1.1630  1.1570  1.1560  1.1520  1.1490  1.1430  1.1361  1.1342
1996  1.1329  1.1295  1.1262  1.1197  1.1154  1.1132  1.1154  1.1143  1.1111  1.1101  1.1069  1.1058
1997  1.1037  1.1027  1.1016  1.1006  1.0974  1.0974  1.0974  1.0974  1.0953  1.0923  1.0892  1.0892
1998  1.0861  1.0831  1.0831  1.0810  1.0790  1.0781  1.0781  1.0770  1.0761  1.0741  1.0730  1.0730
1999  1.0721  1.0701  1.0681  1.0642  1.0623  1.0623  1.0603  1.0603  1.0574  1.0555  1.0517  1.0508
2000  1.0498  1.0450  1.0422  1.0413  1.0385  1.0348  1.0330  1.0330  1.0311  1.0284  1.0238  1.0230
2001  1.0185  1.0149  1.0140  1.0105  1.0078  1.0061  1.0061  1.0061  1.0052  1.0026  1.0009  1.0000
